9112110 53.467
9313029 66.377
9118004 31.367
9313004 73.662
9313037 54.633
9313003 46.767
9313059 65.396
9118009 44.3
9131024 56
9118023 49.533
9313077 74.055
9313054 79.868
9313021 60.809
9313013 68.56
9118031 54.3
9118041 60.76
9313012 72.485
9313027 80.628
9313061 75.404
9118030 53.9
9313053 72.313
9313052 91.298
9313060 81.07
9313068 87.938
9313035 73.858
9313075 72.166
9313028 89.09
9313085 69.689
9313030 85.387
9313044 85.117
9313086 88.575
9313045 77.391
9313062 86.025
9313005 71.675
9313011 60.711
9313051 76.679
9313083 79.328
9313022 88.502
9313046 90.317
9313092 90.268
9313094 86.908
9313019 72.043
9313043 86.442
9313067 78.985
9313069 82.468
9313006 84.381
9313014 70.155
9313020 89.115
9313036 79.672
9313076 80.751
9313078 93.383
9313084 96.743
9323067 99.123
9323064 99.098
